1 0002 044525225 000002
1 0100 047908624 528620
1 0104 047903628 525159
1 0105 047909620 527862
1 0109 047902627 524996
1 0110 047900625 524997
1 0200 040173604 020000
1 0202 040173604 020002
1 0207 040173604 022307
1 0209 040173604 022309
1 0211 040173604 022301
1 0213 040173604 022313
1 0214 040173604 028203
1 0215 040173604 028417
1 0216 040173604 027117
1 0218 040173604 022318
1 0219 040173604 027118
1 0221 040173604 022321
1 0224 040173604 022324
1 0227 040173604 022327
1 0228 040173604 022328
1 0235 048405602 028558
1 0237 048402601 028561
1 0239 040173604 025943
1 0240 040173604 025945
1 0244 040173604 020152
1 0245 040173604 020153
1 0252 040173604 022269
1 0253 040173604 020270
1 0255 040173604 022274
1 0256 040173604 020176
1 0257 040173604 022277
1 0258 040173604 020179
1 0263 040173604 027492
1 0300 041012603 708636
1 0302 041012603 703707
1 0303 041012603 704133
1 0315 041012603 701456
1 0317 041012603 704159
1 0320 041012603 704163
1 0400 041117601 778637
1 0404 041117601 778218
1 0408 041117601 770027
1 0409 041117601 774131
1 0410 041117601 771552
1 0414 041117601 774059
1 0418 041117601 774065
1 0421 041117601 771582
1 0424 041117601 774090
1 0426 041117601 775494
1 0500 041203602 548625
1 0504 041203602 546114
1 0507 041208615 548574
1 0508 041203602 548575
1 0509 041206601 543976
1 0510 041203602 543977
1 0511 041203602 543979
1 0512 041203602 543980
1 0513 041203602 543981
1 0514 041203602 543983
1 0516 041203602 548587
1 0600 048073601 168598
1 0605 048073601 164605
1 0606 048073601 164600
1 0607 048073601 164607
1 0612 048073601 164612
1 0614 048073601 164614
1 0615 048073601 164615
1 0616 048073601 164616
1 0619 048073601 164619
1 0620 048073601 164620
1 0621 048073601 164621
1 0622 048073601 167722
1 0624 048073601 164624
1 0625 048073601 164625
1 0626 048073601 164626
1 0627 048073601 164627
1 0630 048073601 164630
1 0631 048073601 164601
1 0633 048073601 164633
1 0636 048073601 168201
1 0637 048073601 164602
1 0638 048073601 167408
1 0639 048073601 168179
1 0640 048073601 167740
1 0641 048073601 165413
1 0642 048073601 167798
1 0643 048073601 167760
1 0644 048073601 160061
1 0648 048073601 164579
1 0649 048073601 164580
1 0650 048073601 164581
1 0651 048073601 164582
1 0652 048073601 164583
1 0653 048073601 164584
1 0656 048073601 164587
1 0657 048073601 164588
1 0658 048073601 164591
1 0660 048073601 164594
1 0663 048073601 164597
1 0664 048073601 164598
1 0700 041403633 138592
1 0702 041403633 135103
1 0704 041403633 133906
1 0706 041403633 133920
1 0707 041403633 138426
1 0712 041403633 133867
1 0713 041403633 133775
1 0715 041403633 133881
1 0718 041403633 138493
1 0719 041403633 133794
1 0800 041501601 408605
1 0802 041501601 408605
1 0803 041501601 405563
1 0804 041501601 408400
1 0805 041501601 405671
1 0806 041501601 400018
1 0809 041501601 405557
1 0810 041501601 405559
1 0811 041501601 405561
1 0812 041501601 401563
1 0813 041501601 405567
1 0814 041501601 405569
1 0815 041501601 405571
1 0816 041501601 405577
1 0817 041501601 405578
1 0818 041501601 405579
1 0819 041501601 405580
1 0820 041501601 405582
1 0821 041501601 405583
1 0822 041501601 405584
1 0823 041501601 405586
1 0824 041501601 405587
1 0825 041501601 405590
1 0900 048142604 188601
1 0904 048144618 188502
1 0905 048161616 186950
1 0906 048157607 182429
1 0907 048135614 182431
1 0908 048136625 182432
1 0909 048148612 182433
1 0910 048143624 182434
1 0912 048156611 182436
1 0913 048138619 182438
1 0914 048137615 182439
1 0915 048149621 182440
1 0916 048142604 186048
1 0919 048134610 182452
1 0920 048160623 187877
1 1000 041708602 428611
1 1003 041708602 422690
1 1004 041708602 428611
1 1005 041710613 422493
1 1007 041708602 428568
1 1008 041708602 428569
1 1009 041737610 428570
1 1010 041723640 428571
1 1011 041708602 421574
1 1012 041708602 422484
1 1013 041708602 422485
1 1014 041708602 422488
1 1015 041708602 422490
1 1016 041708602 422491
1 1017 041708602 420093
1 1018 041708602 422494
1 1100 041806647 548621
1 1102 041806647 548621
1 1103 041806647 544003
1 1105 041806647 544006
1 1106 041806647 544008
1 1109 041806647 544051
1 1110 041806647 544012
1 1111 041806647 548303
1 1113 041806647 545816
1 1114 041806647 547247
1 1117 041806647 545824
1 1118 041806647 547125
1 1119 041806647 544035
1 1121 041806647 543946
1 1122 041806647 544047
1 1123 041806647 543950
1 1124 041806647 543951
1 1125 041806647 543952
1 1126 041806647 543953
1 1127 041806647 543985
1 1130 041806647 543990
1 1200 041909644 778638
1 1203 041909644 771935
1 1205 041909644 774119
1 1207 041909644 774073
1 1208 041909644 771905
1 1209 041909644 774074
1 1210 041909644 771940
1 1211 041909644 771941
1 1214 041909644 774094
1 1215 041909644 774108
1 1217 041909644 774127
1 1218 041909644 774081
1 1220 041909644 771949
1 1221 041909644 774083
1 1223 041909644 771934
1 1224 041909644 777868
1 1225 041909644 770067
1 1227 041909644 771950
1 1228 041909644 774089
1 1229 041909644 770151
1 1230 041909644 774078
1 1300 042007681 130000
1 1302 042007681 130002
1 1303 042007681 133777
1 1304 042007681 133783
1 1306 042007681 130193
1 1307 042007681 133793
1 1312 042007681 133836
1 1314 042007681 133838
1 1316 042007681 133854
1 1318 042007681 138542
1 1319 042007681 133869
1 1320 042007681 133870
1 1322 042007681 130989
1 1323 042007681 133872
1 1330 042007681 130382
1 1331 042007681 133825
1 1332 042007681 133905
1 1600 046577674 160000
1 1602 046577674 160002
1 1604 046577674 161704
1 1605 046577674 161705
1 1606 046577674 161706
1 1608 046577674 161709
1 1609 046577674 160011
1 1611 046577674 164903
1 1612 046577674 167004
1 1613 046577674 167216
1 1614 046577674 161718
1 1615 046577674 167169
1 1616 046577674 167003
1 1617 046577674 167604
1 1618 046577674 161726
1 1619 046577674 161727
1 1620 046577674 165328
1 1621 046577674 161730
1 1622 046577674 160232
1 1623 046577674 161738
1 1625 046577674 166142
1 1626 046577674 166143
1 1627 046577674 161744
1 1628 046577674 161745
1 1629 046577674 166149
1 1630 046577674 166150
1 1632 046577674 161654
1 1633 046577674 161655
1 1634 046577674 168057
1 1636 046577674 160560
1 1637 046577674 161765
1 1638 046577674 161766
1 1639 046577674 161769
1 1640 046577674 161771
1 1641 046577674 161774
1 1642 046577674 161779
1 1643 046577674 161780
1 1644 046577674 161781
1 1645 046577674 161787
1 1646 046577674 167192
1 1648 046577674 161794
1 1649 046577674 165295
1 1652 046577674 168583
1 1700 042406608 778639
1 1714 042406608 771573
1 1716 042406608 778578
1 1717 042408608 772486
1 1800 042520607 180000
1 1802 042520607 180002
1 1804 042520607 182406
1 1805 042520607 180687
1 1806 042520607 187990
1 1807 042520607 182410
1 1808 042520607 182412
1 1809 042520607 182413
1 1811 042520607 182415
1 1812 042520607 182416
1 1813 042520607 182417
1 1814 042520607 182418
1 1815 042520607 182419
1 1816 042520607 182420
1 1817 042520607 182421
1 1819 042520607 182423
1 1821 042520607 182425
1 1822 042520607 182426
1 1823 042520607 182427
1 1824 042520607 182428
1 1825 042520607 187730
1 1826 042520607 182444
1 1829 042520607 187966
1 1830 042520607 180587
1 1831 042520607 187690
1 1832 042520607 187691
1 1835 042520607 188586
1 1900 048327606 608631
1 1903 048327606 605406
1 1904 048327606 603710
1 1905 048327606 603712
1 1906 048327606 603713
1 1907 048327606 605017
1 1908 048327606 605018
1 1909 048327606 600123
1 1910 048327606 605254
1 1911 048327606 608266
1 1912 048327606 605270
1 1913 048327606 607878
1 2000 042748634 558626
1 2002 042748634 558626
1 2006 042748634 557496
1 2012 042748634 557396
1 2017 042748634 557381
1 2018 042748634 557382
1 2019 042748634 557383
1 2200 042908612 408608
1 2204 042908612 401560
1 2205 042908612 402664
1 2206 042908612 402670
1 2207 042908612 402671
1 2208 042908612 402673
1 2211 042908612 405565
1 2212 042908612 405568
1 2213 042908612 405573
1 2216 042908612 405600
1 2218 042908612 405602
1 2220 042908612 405607
1 2223 042908612 407786
1 2224 042908612 408389
1 2500 048602673 558628
1 2502 048602673 554707
1 2503 048602673 554708
1 2504 048602673 554711
1 2505 048602673 554713
1 2506 048602673 554714
1 2507 048602673 554715
1 2508 048602673 557030
1 2509 048602673 556638
1 2510 048602673 556640
1 2512 048602673 557960
1 2513 048602673 556665
1 2514 048602673 558372
1 2600 043207612 448615
1 2603 043207612 440503
1 2604 043209601 446656
1 2605 043207612 445959
1 2606 043207612 445963
1 2607 043205623 447763
1 2608 043207612 442339
1 2610 043206646 446244
1 2611 043207612 445946
1 2612 043207612 442356
1 2613 043207612 446657
1 2614 043207612 442359
1 2615 043223633 442361
1 2616 043207612 448562
1 2617 043209614 442363
1 2618 043207612 442364
1 2619 043207612 442366
1 2620 043218650 445967
1 2621 043213615 447387
1 2622 043236647 447388
1 2700 043304609 428612
1 2703 043304609 424403
1 2704 043304609 424392
1 2705 043304609 424410
1 2707 043304609 424407
1 2708 043391691 424408
1 2709 043304609 424409
1 2712 043304609 424412
1 2713 043304609 424401
1 2714 043304609 424414
1 2715 043304609 424415
1 2716 043304609 424416
1 2717 043304609 424417
1 2718 043304609 424418
1 2719 043389689 424419
1 2720 043304609 424420
1 2721 043304609 424395
1 2722 043304609 424422
1 2723 043382682 424423
1 2725 043304609 424396
1 2726 043304609 420339
1 2727 043304609 425752
1 2728 043304609 425759
1 2729 043386686 421461
1 2730 043304609 425762
1 2731 043384684 425766
1 2732 043304609 420069
1 2733 043304609 424374
1 2734 043304609 424387
1 2735 043383683 424388
1 2736 043304609 424389
1 2737 043304609 424390
1 2738 043381681 424391
1 2739 043388688 424092
1 2740 043304609 424393
1 2741 043304609 424394
1 2742 043304609 424095
1 2743 043304609 424096
1 2744 043387687 424397
1 2745 043304609 424398
1 2746 043385685 424399
1 2800 048702640 498617
1 2803 048702640 494103
1 2804 048702640 494105
1 2805 048702640 494106
1 2806 048702640 494107
1 2807 048702640 494109
1 2809 048702640 494102
1 2810 048702640 496909
1 2811 048702640 494100
1 2812 048702640 494101
1 2814 048702640 498123
1 2815 048702640 497128
1 2816 048702640 497729
1 2817 048702640 497552
1 2818 048702640 496268
1 2819 048702640 496269
1 2820 048714622 498276
1 2821 048702640 498386
1 2900 043469623 778640
1 2901 043469623 778640
1 2908 043469623 772510
1 2909 043469623 772511
1 2914 043469623 774366
1 2915 043469623 774372
1 2918 043469623 772497
1 2919 043469623 772498
1 3000 040349602 528619
1 3003 040349602 521803
1 3004 040349602 521804
1 3005 040349602 521805
1 3006 040349602 521806
1 3007 040349602 521807
1 3008 040349602 525213
1 3009 040349602 527713
1 3010 040349602 525150
1 3011 040349602 528101
1 3012 040349602 521802
1 3013 040349602 521813
1 3014 040349602 521814
1 3015 040349602 521815
1 3016 040349602 521816
1 3017 040349602 521868
1 3018 040349602 521818
1 3019 040349602 521819
1 3020 040349602 525186
1 3021 040349602 521822
1 3022 040349602 521823
1 3023 040349602 521825
1 3024 040349602 521827
1 3027 040349602 521849
1 3028 040349602 521850
1 3029 040349602 521851
1 3030 040349602 521853
1 3031 040349602 525158
1 3032 040349602 525161
1 3033 040349602 521864
1 3034 040349602 521865
1 3035 040349602 521866
1 3037 040349602 520068
1 3038 040349602 525171
1 3039 040349602 525174
1 3040 040349602 528280
1 3041 040349602 521584
1 3042 040349602 521586
1 3043 040349602 521588
1 3044 040349602 521798
1 3100 040407627 310000
1 3101 040407627 312401
1 3102 040407627 310002
1 3103 040407627 312403
1 3104 040407627 312404
1 3107 040407627 312408
1 3108 040407627 312409
1 3109 040407627 312400
1 3110 040407627 317041
1 3111 040407627 312402
1 3112 040407627 316190
1 3113 040407627 317701
1 3114 040407627 317815
1 3115 040407627 316917
1 3116 040407627 317449
1 3120 040407627 318217
1 3122 040407627 312441
1 3123 040407627 312442
1 3124 040407627 312443
1 3125 040407627 317044
1 3127 040407627 312449
1 3128 040407627 310161
1 3129 040407627 317864
1 3131 040407627 312369
1 3132 040407627 312372
1 3133 040407627 312376
1 3134 040407627 310279
1 3135 040407627 310180
1 3136 040407627 310181
1 3137 040407627 312382
1 3139 040407627 312386
1 3140 040407627 312387
1 3141 040407627 312389
1 3142 040407627 312390
1 3143 040407627 312391
1 3144 040407627 312392
1 3145 040407627 312393
1 3146 040407627 312394
1 3147 040407627 312396
1 3148 040407627 312397
1 3149 040407627 312398
1 3150 040407627 312399
1 3200 043735650 168599
1 3202 043735650 168599
1 3203 043735650 164904
1 3204 043735650 164906
1 3205 043735650 161615
1 3206 043735650 161616
1 3207 043735650 161617
1 3208 043735650 161618
1 3209 043735650 161725
1 3210 043735650 161686
1 3213 043735650 161653
1 3214 043735650 166956
1 3215 043735650 161679
1 3216 043735650 161683
1 3218 043735650 160286
1 3219 043735650 161692
1 3300 043807606 138596
1 3302 043807606 138596
1 3303 043807606 133903
1 3304 043807606 131600
1 3305 043807606 133896
1 3306 043807606 135117
1 3307 043807606 133809
1 3308 043807606 133810
1 3310 043807606 131602
1 3312 043807606 133816
1 3315 043807606 135123
1 3318 043807606 133839
1 3322 043807606 138178
1 3323 043807606 133779
1 3324 043807606 130585
1 3327 043807606 133891
1 3328 043807606 131595
1 3329 043807606 131596
1 3330 043807606 131597
1 3331 043807606 131598
1 3332 043807606 131599
1 3500 044206604 138593
1 3503 044206604 133907
1 3504 044206604 133813
1 3505 044206604 133815
1 3506 044206604 133827
1 3507 044206604 133818
1 3508 044206604 133819
1 3510 044206604 130927
1 3515 044206604 133850
1 3517 044206604 133883
1 3518 044206604 130386
1 3600 044442607 360000
1 3602 044454615 367341
1 3603 044453653 367342
1 3604 044457630 367248
1 3605 044456621 367249
1 3608 044469620 366187
1 3610 043007601 364196
1 3611 043015601 365492
1 3612 043010601 366693
1 3613 047723601 367253
1 3614 043011601 367465
1 3616 047728601 367820
1 3617 043002602 368556
1 3618 047719604 368557
1 3700 048860630 428614
1 3704 048860630 427020
1 3706 048860630 424443
1 3707 048860630 424444
1 3708 048860630 424445
1 3709 048860630 424446
1 3710 048860630 424447
1 3712 048860630 426066
1 3713 048860630 426068
1 3714 048860630 426281
1 3716 048860630 420089
1 3717 048860630 425790
1 3718 048860630 428614
1 3800 044525342 000022
1 3802 044525342 998554
1 3803 044525342 998181
1 3804 044525342 997982
1 3805 044525342 997981
1 3806 044525342 997978
1 3807 044525342 997969
1 3808 044525342 998180
1 3809 044525342 997811
1 3810 044525342 997812
1 3811 044525342 997813
1 3812 044525342 996901
1 3813 044525342 996924
1 3814 044525342 998551
1 3815 044525342 997954
1 3816 044525342 991564
1 3817 044525342 991569
1 3818 044525342 997970
1 3819 044525342 997971
1 3820 044525342 997972
1 3821 044525342 997973
1 3822 044525342 997974
1 3823 044525342 997975
1 3824 044525342 997976
1 3825 044525342 997977
1 3826 044525342 995278
1 3827 044525342 997979
1 3828 044525342 997980
1 3829 044525342 995281
1 3830 044525342 995282
1 3831 044525342 995284
1 3832 044525342 995287
1 3833 044525342 995289
1 3834 044525342 992695
1 3835 044525342 998098
1 3900 048952615 428589
1 3901 048952615 428589
1 3902 048952615 424302
1 3903 048952615 424303
1 3904 048952615 424300
1 3905 048952615 424306
1 3907 048952615 424308
1 3911 048952615 424313
1 3912 048952615 424314
1 3917 048952615 424295
1 3919 048952615 424299
1 4000 044652323 400000
1 4002 044652323 400002
1 4004 044652323 408038
1 4005 044652323 407814
1 4006 044652323 402559
1 4007 044652323 402590
1 4008 044652323 402561
1 4011 044652323 407816
1 4012 044652323 402692
1 4016 044652323 402579
1 4017 044652323 402570
1 4018 044652323 402663
1 4019 044652323 402563
1 4020 044652323 401555
1 4021 044652323 407808
1 4023 044652323 402588
1 4024 044652323 407809
1 4025 044652323 402569
1 4026 044652323 407810
1 4027 044652323 402572
1 4028 044652323 402557
1 4029 044652323 408158
1 4031 044652323 401556
1 4032 044652323 402689
1 4033 044652323 402573
1 4034 044652323 402574
1 4035 044652323 402580
1 4037 044652323 402577
1 4038 044652323 402578
1 4040 044652323 401554
1 4042 044652323 406626
1 4044 044652323 407825
1 4045 044652323 402667
1 4046 044652323 402691
1 4048 044652323 402575
1 4100 044705615 558627
1 4103 044705615 558304
1 4104 044705615 554705
1 4105 044705615 558017
1 4106 044705615 558223
1 4107 044705615 554926
1 4108 044705615 557731
1 4114 044705615 558385
1 4200 042202603 420000
1 4202 042202603 420002
1 4203 042202603 420404
1 4204 042202603 426056
1 4205 042202606 420007
1 4206 042202603 424411
1 4207 042202603 426652
1 4209 042202603 424332
1 4210 042202603 424334
1 4211 042202603 424335
1 4212 042202603 424338
1 4213 042202603 424339
1 4214 042202603 424340
1 4215 042202603 424341
1 4216 042202603 424342
1 4217 042202603 424343
1 4218 042202603 424344
1 4219 042202603 424345
1 4220 042202603 424346
1 4221 042202603 424348
1 4222 042202603 424352
1 4223 042202603 424353
1 4224 042202603 424354
1 4225 042202603 424355
1 4226 042202603 424356
1 4227 042202603 424357
1 4228 042202603 424358
1 4229 042202603 424360
1 4230 042202603 424363
1 4231 042202603 424364
1 4232 042202603 420368
1 4233 042202603 424369
1 4234 042202603 424370
1 4235 042202603 424475
1 4236 042202603 424378
1 4237 042202603 424379
1 4238 042202603 424380
1 4239 042202603 424381
1 4240 042202603 427187
1 4241 042202603 427695
1 4242 042202603 427197
1 4243 042202603 428580
1 4300 044959698 558629
1 4305 044959698 551920
1 4306 044959698 551922
1 4307 044959698 551923
1 4308 044959698 551925
1 4309 044959698 551930
1 4310 044959698 551944
1 4311 044959698 555645
1 4312 044959698 558059
1 4313 044959698 551971
1 4314 044959698 551972
1 4315 044959698 551973
1 4317 044959698 551975
1 4318 044959698 551980
1 4319 044959698 551982
1 4320 044959698 551985
1 4321 044959698 557986
1 4400 045004641 440000
1 4402 045004641 440002
1 4403 045004641 445503
1 4404 045004641 442345
1 4405 045004641 448047
1 4407 045004641 440139
1 4408 045004641 446695
1 4409 045004641 446662
1 4419 045004641 445949
1 4425 045004641 442260
1 4426 045004641 442262
1 4427 045004641 445966
1 4428 045004641 442268
1 4429 045004641 442275
1 4430 045004641 442291
1 4431 045004641 442294
1 4432 045004641 442295
1 4433 045004641 442297
1 4434 045004641 442299
1 4500 045209673 678634
1 4504 045208615 672228
1 4505 045201622 672229
1 4506 045204623 672230
1 4507 045203616 672231
1 4508 045259629 672232
1 4509 045208618 672233
1 4510 045204617 672234
1 4512 045259627 672236
1 4516 045258631 672243
1 4517 045258632 672244
1 4518 045259629 672245
1 4519 045263613 672247
1 4520 045201626 672257
1 4523 045204635 672478
1 4524 045208619 672479
1 4527 045209673 675905
1 4528 045275609 675922
1 4529 045203611 675924
1 4530 045275612 675925
1 4531 045208634 675926
1 4532 045275637 675928
1 4535 045209673 676916
1 4536 045204628 676922
1 4537 045209673 677008
1 4539 045209673 678152
1 4600 045354601 548623
1 4602 045354601 548623
1 4603 045354601 546102
1 4604 045354601 546103
1 4605 045354601 546105
1 4606 045354601 547910
1 4607 045354601 548415
1 4608 045354601 544324
1 4611 045354601 544228
1 4612 045354601 544229
1 4613 045354601 544232
1 4614 045354601 544234
1 4615 045354601 544235
1 4616 045354601 544236
1 4617 045354601 544237
1 4620 045354601 544251
1 4621 045354601 542062
1 4622 045354601 546969
1 4626 045354601 540083
1 4627 045354601 542085
1 4628 045354601 546088
1 4629 045354601 546089
1 4630 045354601 546090
1 4631 045354601 548290
1 4632 045354601 546093
1 4633 045354601 546094
1 4700 045402601 138595
1 4704 045402601 135108
1 4705 045402601 133914
1 4706 045402601 133817
1 4710 045402601 135122
1 4713 045402601 133847
1 4714 045402601 133853
1 4715 045402601 138454
1 4717 045402601 133862
1 4718 045402601 133868
1 4719 045402601 136283
1 4720 045402601 133786
1 4721 045402601 133893
1 4722 045402601 133797
1 4800 045655635 548624
1 4803 045655635 544000
1 4804 045655635 545100
1 4805 045655635 544001
1 4806 045655635 544014
1 4807 045655635 547826
1 4808 045655635 543828
1 4809 045655635 545848
1 4810 045655635 548153
1 4811 045655635 548459
1 4813 045655635 545863
1 4814 045655635 543964
1 4815 045655635 545866
1 4816 045655635 545871
1 4817 045655635 544276
1 4818 045655635 544277
1 4819 045655635 544278
1 4820 045655635 544281
1 4821 045655635 544282
1 4822 045655635 544283
1 4823 045655635 544285
1 4824 045655635 544286
1 4826 045655635 544288
1 4827 045655635 544289
1 4828 045655635 544290
1 4829 045655635 544291
1 4830 045655635 544293
1 4832 045655635 543995
1 4833 045655635 543996
1 4900 045773603 490000
1 4902 045773603 490002
1 4903 045773603 498405
1 4908 045773603 497921
1 4909 045773603 490022
1 4910 045773603 491623
1 4911 045773603 491626
1 4913 045773603 496927
1 4914 045773603 490729
1 4915 045773603 491629
1 4916 045773603 494929
1 4917 045773603 491631
1 4918 045773603 496131
1 4919 045773603 496132
1 4920 045773603 496134
1 4921 045773603 491636
1 4922 045773603 496136
1 4923 045773603 491637
1 4924 045773603 491638
1 4925 045773603 496138
1 4926 045773603 496139
1 4927 045773603 491640
1 4929 045773603 491644
1 4930 045773603 496846
1 4932 045773603 497556
1 4933 045773603 491759
1 4935 045773603 491760
1 4937 045773603 491664
1 4939 045773603 491666
1 4942 045773603 491668
1 4946 045773603 491671
1 4947 045773603 491675
1 4949 045773603 496984
1 4950 045773603 491793
1 4951 045773603 495293
1 4952 045773603 495294
1 4954 045773603 496897
1 5000 040507601 708635
1 5004 040504615 707718
1 5009 040508619 704140
1 5010 040503625 704141
1 5018 040510602 707151
1 5021 040539611 704155
1 5026 040507601 708635
1 5034 046401642 708567
1 5036 046415688 704170
1 5040 046426674 707311
1 5045 046404683 707320
1 5046 046412684 707711
1 5100 045805602 558630
1 5103 045805602 551911
1 5104 045805602 555634
1 5105 045805602 555636
1 5107 045805602 555643
1 5113 045805602 551962
1 5114 045805602 551963
1 5115 045805602 551965
1 5116 045805602 550169
1 5200 046015602 520000
1 5202 046015602 521800
1 5203 046015602 521801
1 5204 046015602 528301
1 5205 046015602 525203
1 5206 046015602 525410
1 5208 046015602 521820
1 5209 046015602 525221
1 5210 046015602 521824
1 5211 046015602 520625
1 5212 046015602 521826
1 5213 046015602 521829
1 5214 046015602 521830
1 5215 046015602 521831
1 5216 046015602 527931
1 5218 046015602 521834
1 5219 046015602 521835
1 5220 046015602 521842
1 5223 046015602 521548
1 5224 046015602 527749
1 5225 046015602 520250
1 5227 046015602 524754
1 5228 046015602 525154
1 5229 046015602 525155
1 5231 046015602 525163
1 5234 046015602 528273
1 5235 046015602 520275
1 5237 046015602 525184
1 5239 046015602 525187
1 5241 046015602 525190
1 5242 046015602 525194
1 5243 046015602 521797
1 5244 046015602 524998
1 5245 046015602 521799
1 5300 046126614 408606
1 5305 046126614 402612
1 5306 046126614 402613
1 5307 046126614 402614
1 5311 046126614 402617
1 5312 046126614 402618
1 5313 046126614 402619
1 5315 046126614 402621
1 5317 046126614 402623
1 5318 046126614 402624
1 5321 046126614 402628
1 5322 046126614 402629
1 5325 046126614 402650
1 5400 043601607 540000
1 5402 043601607 540002
1 5403 043601607 547802
1 5404 043678622 548212
1 5405 043601607 540113
1 5406 043678609 548213
1 5407 043601607 547914
1 5408 043601617 548020
1 5409 043669615 547723
1 5411 043601613 540028
1 5412 043602608 548231
1 5414 043672635 544242
1 5415 043655625 544244
1 5416 043672601 544245
1 5417 043677604 544246
1 5418 043626616 545846
1 5419 043602646 544249
1 5422 043602634 545850
1 5423 043678611 547551
1 5424 043632626 544253
1 5425 043602642 544254
1 5426 043677638 545855
1 5427 043626640 544256
1 5428 043678621 544257
1 5429 043672643 545858
1 5430 043657619 544259
1 5432 043669620 545865
1 5433 043672636 544270
1 5434 043626639 545881
1 5440 043602606 546991
1 5441 043602606 546991
1 5442 043601630 546993
1 5443 043602612 546994
1 5500 044030653 550000
1 5502 044030653 550002
1 5507 044030653 552003
1 5508 044030653 552004
1 5510 044030653 552006
1 5511 044030653 552008
1 5512 044030653 552009
1 5513 044030653 558074
1 5516 044030653 551877
1 5520 044030653 551879
1 5551 044030653 551879
1 5523 044030653 551991
1 5524 044030653 551892
1 5530 044106611 551883
1 5531 044106611 551887
1 5532 044106611 557915
1 5536 044106611 558172
1 5537 044106611 551882
1 5538 044106611 551897
1 5539 044106611 556637
1 5540 044106611 551895
1 5541 044106611 555542
1 5542 044106611 551909
1 5543 044106611 551902
1 5600 046311649 560000
1 5605 046311649 544013
1 5606 046311649 544017
1 5608 046311649 544019
1 5610 046311649 548322
1 5611 046311649 547324
1 5612 046311649 544026
1 5613 046311649 544027
1 5614 046311649 544028
1 5615 046311649 544029
1 5617 046311649 540130
1 5619 046311649 544034
1 5620 046311649 540242
1 5621 046311649 543956
1 5622 046311649 543957
1 5623 046311649 543958
1 5624 046311649 543960
1 5625 046311649 543961
1 5626 046311649 543965
1 5627 046311649 543966
1 5628 046311649 543967
1 5629 046311649 543968
1 5630 046311649 543969
1 5631 046311649 543970
1 5632 046311649 543971
1 5634 046311649 543973
1 5636 046311649 546976
1 5639 046311649 545491
1 5640 046311649 543992
1 5641 046311649 543993
1 5642 046311649 543994
1 5643 046311649 543997
1 5644 046311649 543998
1 5645 046311649 543999
1 5800 049033603 608632
1 5900 046614632 408609
1 5903 046614632 405609
1 5904 046614632 401612
1 5909 046614632 405629
1 5910 046614632 405630
1 5913 046614632 405650
1 5914 046614632 405651
1 5915 046614632 405652
1 5916 046614632 405654
1 5918 046614632 405657
1 5920 046614632 401561
1 5921 046614632 401562
1 5923 046614632 405566
1 5925 046614632 405592
1 6000 040707644 600000
1 6002 040707644 607907
1 6003 040707644 601808
1 6004 040707644 607908
1 6005 040707644 601809
1 6006 040707644 601811
1 6007 040707644 601812
1 6008 040707644 605013
1 6009 040707644 600030
1 6010 040707644 605230
1 6011 040707644 605231
1 6012 040707644 605232
1 6013 040707644 605238
1 6014 040707644 605239
1 6015 040707644 605241
1 6016 040707644 601856
1 6017 040707644 601857
1 6018 040707644 601858
1 6019 040707644 601859
1 6020 040707644 601860
1 6021 040707644 601861
1 6022 040707644 608364
1 6023 040707644 601872
1 6024 040707644 608076
1 6025 040707644 601583
1 6026 040707644 601587
1 6027 040707644 600095
1 6028 040707644 601795
1 6029 040707644 607799
1 6030 040707644 608579
1 6031 040707644 608585
1 6032 040707644 608590
1 6100 046850649 138594
1 6103 046850649 133826
1 6105 046850649 133835
1 6106 046850649 133840
1 6108 046850649 133773
1 6109 046850649 133859
1 6110 046850649 133861
1 6111 046850649 133865
1 6112 046850649 133931
1 6114 046850649 133877
1 6115 046850649 133886
1 6116 046850649 133884
1 6117 046850649 133898
1 6119 046850649 133900
1 6122 046850649 133912
1 6126 046850649 130141
1 6127 046850649 136692
1 6200 049205603 428610
1 6203 049205603 428219
1 6204 049205603 428134
1 6205 049205603 428435
1 6206 049205603 424636
1 6208 049205603 424640
1 6209 049205603 424641
1 6210 049205603 424642
1 6211 049205603 424644
1 6212 049205603 424645
1 6213 049205603 424646
1 6215 049205603 422555
1 6216 049205603 424655
1 6217 049205603 424656
1 6218 049205603 424662
1 6219 049205603 426669
1 6220 049205603 424670
1 6221 049205603 426670
1 6222 049205603 424671
1 6225 049205603 424672
1 6226 049205603 426672
1 6227 049205603 424673
1 6228 049205603 424674
1 6229 049205603 424675
1 6230 049205603 424676
1 6231 049205603 424678
1 6232 049205603 424679
1 6234 049205603 424681
1 6235 049205603 424682
1 6236 049205603 424683
1 6237 049205603 424684
1 6238 049205603 424687
1 6239 049205603 424688
1 6240 049205603 424689
1 6241 049205603 424690
1 6242 049205603 424691
1 6243 049205603 424692
1 6244 049205603 424693
1 6245 049205603 424694
1 6246 049205603 424695
1 6247 049205603 424697
1 6248 049205603 424698
1 6300 042809679 408607
1 6304 042858648 402601
1 6306 042822645 407505
1 6307 042809602 400013
1 6310 042821605 401921
1 6311 042838640 405624
1 6315 042814609 405639
1 6316 042841661 405640
1 6317 042855627 405644
1 6319 042872606 407545
1 6320 042818612 402657
1 6321 042829664 401558
1 6322 042846622 401559
1 6323 042824616 402660
1 6325 042818633 402680
1 6327 042833691 402682
1 6331 042819677 402593
1 6332 042854626 402596
1 6400 046902606 448616
1 6402 046902606 447707
1 6403 046902606 448427
1 6404 046902606 442351
1 6405 046902606 442354
1 6406 046902606 448616
1 6407 046902606 445970
1 6408 046902606 448294
1 6500 049304631 318591
1 6505 049304631 317549
1 6600 047003608 408604
1 6605 047003608 402702
1 6607 047003608 402631
1 6610 047003608 407035
1 6612 047003608 402639
1 6617 047003608 402652
1 6619 047003608 402655
1 6621 047003608 402697
1 6700 047102651 670000
1 6702 047102651 670002
1 6703 047180626 678402
1 6704 047182649 673709
1 6705 047178615 678413
1 6706 047128693 677917
1 6708 047113608 675927
1 6709 047186614 678028
1 6710 047102651 670029
1 6711 047118655 675929
1 6712 047163612 675931
1 6713 047166642 675932
1 6714 047164625 675934
1 6715 047192646 675937
1 6716 047169641 675939
1 6717 047144661 675940
1 6718 047176613 678540
1 6719 047115677 671746
1 6720 047126632 671647
1 6721 047118611 671648
1 6722 047113623 671748
1 6723 047177621 678448
1 6724 047100603 671749
1 6725 047128616 671650
1 6726 047113652 671750
1 6727 047119605 671751
1 6728 047112600 671652
1 6729 047191640 677153
1 6730 047115607 671754
1 6731 047116680 671656
1 6732 047127645 671657
1 6733 047117693 670058
1 6734 047174617 677961
1 6735 047173627 677962
1 6737 047108609 671764
1 6738 047171667 678564
1 6740 047195630 678369
1 6741 047102651 675772
1 6742 047113606 672473
1 6744 047113629 670577
1 6745 047182636 671790
1 6746 047162622 671791
1 6747 047185639 678291
1 6748 047122618 671792
1 6749 047175620 677892
1 6750 047188633 678495
1 6800 049401601 498618
1 6802 049401601 498618
1 6805 049401601 495912
1 6808 049401601 494449
1 6809 049401601 494450
1 6810 049401601 494451
1 6811 049401601 494455
1 6812 049401601 494461
1 6813 049401601 494462
1 6814 049401601 491663
1 6815 049401601 494464
1 6816 049401601 494465
1 6818 049401601 494466
1 6820 049401601 495773
1 6821 049401601 490078
1 6822 049401601 494482
1 6823 049401601 495989
1 6900 047308602 548588
1 6903 047308602 547002
1 6905 047308602 545852
1 6906 047308602 544260
1 6907 047308602 544261
1 6908 047308602 544264
1 6909 047308602 544267
1 6910 047308602 544271
1 6911 047308602 544272
1 6912 047308602 544274
1 6913 047308602 544275
1 6915 047308602 544280
1 6917 047308602 548286
1 7000 040813608 700000
1 7005 040825601 704205
1 7008 040813608 705529
1 7010 040816657 704154
1 7012 049923613 704157
1 7013 040813608 704164
1 7015 040813608 704167
1 7018 040813608 700692
1 7020 040813608 706195
1 7100 049514608 318602
1 7103 049514608 316125
1 7105 049514608 318147
1 7110 049514608 312381
1 7111 049514608 318573
1 7200 047501602 168597
1 7202 047501602 168597
1 7203 047522619 161701
1 7204 047537639 161702
1 7205 047504641 161703
1 7206 047512649 167804
1 7207 047542640 164908
1 7208 047537638 160210
1 7209 047545631 164910
1 7211 047508607 164920
1 7212 047545632 161622
1 7213 047555645 166930
1 7214 047511615 167032
1 7215 047520613 160035
1 7216 047508610 167738
1 7217 047505617 167741
1 7218 047502634 168043
1 7219 047501648 168544
1 7221 047528646 168053
1 7222 047520614 161660
1 7224 047514604 161661
1 7225 047505616 161662
1 7226 047512625 161770
1 7227 047512623 161773
1 7228 047518600 164575
1 7229 047519636 161777
1 7231 047501603 166979
1 7232 047527620 161785
1 7233 047516626 161693
1 7234 047516630 161694
1 7235 047502635 161695
1 7236 047525637 161696
1 7237 047512651 167597
1 7400 047601637 188600
1 7403 047621613 188005
1 7406 047605606 184219
1 7412 047602601 182437
1 7414 047641609 187947
1 7415 047615616 184160
1 7416 047616617 184171
1 7418 047611628 184175
1 7419 047606607 184178
1 7420 047607622 184179
1 7421 047619619 184180
1 7422 047631634 184181
1 7424 047613614 184184
1 7427 047626626 184186
1 7428 047642602 186886
1 7429 047612612 184187
1 7431 047620621 184190
1 7432 047628627 188091
1 7433 047629610 185895
1 7500 049706609 428613
1 7503 049706609 424700
1 7504 049706609 428102
1 7506 049706609 427507
1 7507 049706609 427508
1 7508 049706609 424425
1 7509 049706609 424426
1 7510 049706609 424427
1 7511 049706609 424429
1 7512 049706609 424431
1 7513 049706609 424433
1 7514 049706609 427034
1 7515 049706609 424435
1 7516 049706609 424436
1 7517 049706609 425836
1 7518 049706609 424437
1 7519 049706609 424438
1 7520 049706609 424439
1 7521 049706609 424440
1 7523 049706609 424472
1 7600 049805609 368603
1 7603 049805609 367800
1 7604 049805609 368004
1 7605 049805609 367506
1 7607 049805609 367215
1 7609 049827607 367229
1 7610 049829612 365033
1 7611 049805609 367733
1 7612 049805609 365034
1 7613 049875639 367734
1 7614 049848602 365036
1 7615 049817600 365037
1 7616 049805609 366837
1 7617 049822615 365038
1 7618 049805609 365039
1 7619 049805609 365040
1 7620 049805609 367540
1 7621 049805609 365043
1 7622 049805609 365044
1 7623 049805609 365045
1 7624 049813606 365046
1 7625 049805609 365047
1 7626 049835628 365048
1 7627 049805609 361049
1 7628 049805609 365049
1 7629 049809605 365050
1 7630 049805609 365051
1 7631 049876627 367251
1 7632 049859626 365052
1 7633 049815608 365053
1 7635 049805609 368155
1 7636 049805609 368160
1 7637 049858625 367379
1 7700 047888670 770000
1 7702 047888670 770002
1 7703 047888670 770017
1 7705 047888670 772518
1 7707 047888670 772520
1 7711 047888670 772525
1 7712 047888670 776625
1 7716 047888670 772532
1 7718 047888670 777443
1 7719 047888670 771576
1 7800 042618672 608633
1 8619 040349602 528619
